aaaa,-1
stationery,-3.38,0.125,5.32,0,86.10999,0,0.25,0.25,3,40,0,0,0,0,0
enemy,-5.74,0.25,-10.76,0,90,0,1,0.5,2,50,0.5,0.5,0,0,6
floor,0,0,0,0,0,0,1.75,1,3,0,0,1
enemy,-2.5,0.25,-8,0,0,0,1,0.5,2,50,0.5,0.5,0,0,0
enemy,-2.5,0.25,11.34,0,180,0,1,0.5,2,50,0.5,0.5,0,0,3
enemy,2.5,0.25,-8,0,0,0,1,0.5,2,50,0.5,0.5,0,0,0
enemy,-5.74,0.25,-6.76,0,90,0,1,0.5,2,50,0.5,0.5,0,0,6
enemy,0,0.25,-8,0,0,0,1,0.5,2,50,0.5,0.5,0,0,0
enemy,6,0.25,4.5,0,270,0,1,0.5,2,50,0.5,0.5,0,0,5
enemy,2.5,0.25,11.34,0,180,0,1,0.5,2,50,0.5,0.5,0,0,3
obstacle,-4.19,1,-4.27,0,0,0,2,2,2,0,0,0.5,0
enemy,0,0.25,11.34,0,180,0,1,0.5,2,50,0.5,0.5,0,0,3
enemy,6,0.25,6.5,0,270,0,1,0.5,2,50,0.5,0.5,0,0,5
obstacle,6.91,1,-1.69,0,34.64,0,2,2,2,0,0,0.5,0
startpoint,0,0.25,0,0,0,0,1,0.5,2,100,0,0,0
obstacle,2.26,1,6.5,0,323.73,0,2,2,2,0,0,0.5,0
enemy,6,0.25,2.5,0,270,0,1,0.5,2,50,0.5,0.5,0,0,5
enemy,-5.74,0.25,-8.76,0,90,0,1,0.5,2,50,0.5,0.5,0,0,6
boss,-0.05,1,-10,0,0,0,4,2,8,300,1,1,0,0,10,0
graffiti,4.5,0.0001,-8.38,0,0,0,0.25,1,0.25,0,0,0,0
graffiti,0.09,0.0001,4.17,0,0,0,0.25,1,0.25,0,0,0,0
