bbbb,-1
graffiti,12.09,1.01,-10.82,0,0,0,1,1,1,0,0,0,0
floor,0,0,0,0,0,0,1,1,1,0,0,1
obstacle,23.9,3.75,-7,0,0,0,1,1,1,0,0,0.5,0
enemy,4,1.75,-8,0,180,0,1,1,1,50,0.5,0.5,0,0,0
stationery,-11.03,1.5,2.88,0,31.13,0,1,1,1,40,0,0,0,0,0
boss,12.77,9.87,-0.88,0,90,0,1,1,1,300,1,1,0,0,10,0
searchai,0,0,-3.47,0,0,0,1,1,1,0,0,0,-1,-1,-1,-1
startpoint,0,1.75,0,0,0,0,1,1,1,100,0,0,0
enemy,-15,1.75,-15,0,270,0,1,1,1,50,0.5,0.5,0,0,6
enemy,-4,1.75,-8,0,180,0,1,1,1,50,0.5,0.5,0,0,0
enemy,-4,1.75,11.34,0,0,0,1,1,1,50,0.5,0.5,0,0,3
enemy,-15,1.75,-5,0,270,0,1,1,1,50,0.5,0.5,0,0,6
enemy,0,1.75,-8,0,180,0,1,1,1,50,0.5,0.5,0,0,0
enemy,15,1.75,4.5,0,90,0,1,1,1,50,0.5,0.5,0,0,5
enemy,4,1.75,11.34,0,0,0,1,1,1,50,0.5,0.5,0,0,3
enemy,0,1.75,11.34,0,0,0,1,1,1,50,0.5,0.5,0,0,3
enemy,15,1.75,9,0,90,0,1,1,1,50,0.5,0.5,0,0,5
obstacle,-19,3.75,8.9,0,34.64,0,1,1,1,0,0,0.5,0
enemy,15,1.75,0,0,90,0,1,1,1,50,0.5,0.5,0,0,5
enemy,-15,1.75,-10,0,270,0,1,1,1,50,0.5,0.5,0,0,6
graffiti,-8.8,1.01,-5.3,0,0,0,1,1,1,0,0,0,0
