stage_03,-1
camera,60,14,8.5,0,0,0,1,1,1,0,0,0
camera,-123.3,14,32.9,0,0,0,1,1,1,0,0,0
camera,-74.7,16,-1.7,0,0,0,1,1,1,0,0,0
camera,-77.5,16,46,0,0,0,1,1,1,0,0,0
camera,27.3,16,41.9,0,0,0,1,1,1,0,0,0
camera,27.3,16,1.5,0,0,0,1,1,1,0,0,0
camera,-32.1,12,-16.5,0,0,0,1,1,1,0,0,0
camera,-32.1,12,59.4,0,0,0,1,1,1,0,0,0
camera,-45.9,16,17.9,0,0,0,1,1,1,0,0,0
camera,-23,16,16.9,0,0,0,1,1,1,0,0,0
camera,-17.1,16,24.6,0,0,0,1,1,1,0,0,0
camera,-44,16,27.2,0,0,0,1,1,1,0,0,0
boss,-24.5,9.87,-0.88,0,90,0,1,1,1,1.5,1,0.5,0,0,10,0
stationery,-69.8,1.5,28.8,0,31.13,0,1,1,1,40,0,0,0,0,7
stationery,12.3,1.5,18.7,0,31.13,0,1,1,1,40,0,0,0,0,7
enemy,45.5,1.75,30.4,0,180,0,1,1,1,1,1.5,0.5,0,0,7
enemy,45.5,1.75,9,0,180,0,1,1,1,1,1.5,0.5,0,0,7
enemy,-105,1.75,9,0,180,0,1,1,1,1,1.5,0.5,0,0,7
enemy,-105,1.75,30.4,0,180,0,1,1,1,1,1.5,0.5,0,0,7
stationery,-64.9,1.5,-3.2,0,31.13,0,1,1,1,40,0,0,0,1,5
stationery,6,1.5,-3.2,0,31.13,0,1,1,1,40,0,0,0,0,5
enemy,12.1,1.75,35.6,0,180,0,1,1,1,1,1.5,0.5,0,0,5
enemy,-72.7,1.75,35.6,0,180,0,1,1,1,1,1.5,0.5,0,0,5
stationery,-28.6,1.5,37.9,0,31.13,0,1,1,1,40,0,0,0,0,3
enemy,-100.8,1.75,12.2,0,180,0,1,1,1,1,1.5,0.5,0,0,3
enemy,-114.3,1.75,8.6,0,180,0,1,1,1,1,1.5,0.5,0,0,3
enemy,-110.9,1.75,29.9,0,180,0,1,1,1,1,1.5,0.5,0,0,3
enemy,39.5,1.75,29.9,0,180,0,1,1,1,1,1.5,0.5,0,0,3
enemy,36.1,1.75,8.6,0,180,0,1,1,1,1,1.5,0.5,0,0,3
enemy,49.6,1.75,12.2,0,180,0,1,1,1,1,1.5,0.5,0,0,3
stationery,3.1,1.5,22.1,0,31.13,0,1,1,1,40,0,0,0,1,0
stationery,-52.3,1.5,4.7,0,31.13,0,1,1,1,40,0,0,0,0,0
stationery,-66.3,1.5,17.7,0,31.13,0,1,1,1,40,0,0,0,0,0
stationery,-45.8,1.5,40.7,0,31.13,0,1,1,1,40,0,0,0,0,0
stationery,-12.3,1.5,38.1,0,31.13,0,1,1,1,40,0,0,0,0,0
stationery,0.9,1.5,5.2,0,31.13,0,1,1,1,40,0,0,0,0,0
enemy,4.5,1.75,12.7,0,180,0,1,1,1,1,1.5,0.5,0,0,0
enemy,-63.2,1.75,10,0,180,0,1,1,1,1,1.5,0.5,0,0,0
enemy,-37.1,1.75,45.3,0,180,0,1,1,1,1,1.5,0.5,0,0,0
enemy,-21,1.75,45.3,0,180,0,1,1,1,1,1.5,0.5,0,0,0
startpoint,-29,1.75,-1.4,0,180,0,1,1,1,100,0,0,0
graffiti,-79.9,1.01,16.9,0,0,0,1,1,1,0,0,0,0
graffiti,-57.3,1.01,35.7,0,0,0,1,1,1,0,0,0,0
graffiti,-0.8,1.01,35.8,0,0,0,1,1,1,0,0,0,0
graffiti,24.6,1.01,18.2,0,0,0,1,1,1,0,0,0,0
obstacle,-80.6,3.75,45.4,0,225,0,1,1,1,0,0,0.5,0
obstacle,-60.4,3.75,55,0,90,0,1,1,1,0,0,0.5,0
obstacle,-100.8,3.75,45.6,0,90,0,1,1,1,0,0,0.5,0
obstacle,-100.8,3.75,-4.4,0,90,0,1,1,1,0,0,0.5,0
obstacle,-61.7,3.75,-14.4,0,90,0,1,1,1,0,0,0.5,0
obstacle,-80.8,3.75,-3.8,0,135,0,1,1,1,0,0,0.5,0
obstacle,20,3.75,-5.1,0,225,0,1,1,1,0,0,0.5,0
obstacle,0.3,3.75,-13.9,0,90,0,1,1,1,0,0,0.5,0
obstacle,40.6,3.75,-3.5,0,90,0,1,1,1,0,0,0.5,0
obstacle,40.6,3.75,44.5,0,90,0,1,1,1,0,0,0.5,0
obstacle,-1.5,3.75,54.9,0,90,0,1,1,1,0,0,0.5,0
obstacle,20,3.75,46.8,0,135,0,1,1,1,0,0,0.5,0
obstacle,-40.2,3.75,15.6,0,90,0,1,1,1,0,0,0.5,0
obstacle,-20.01,3.75,15.6,0,90,0,1,1,1,0,0,0.5,0
obstacle,-20.01,3.75,24.23,0,90,0,1,1,1,0,0,0.5,0
obstacle,-40.2,3.75,24.23,0,90,0,1,1,1,0,0,0.5,0
floor,49.8,0,20.2,0,90,0,1,1,1,0,0,1
floor,-109.1,0,20.2,0,90,0,1,1,1,0,0,1
floor,0,0,39.8,0,0,0,1,1,1,0,0,1
floor,-59.3,0,39.8,0,0,0,1,1,1,0,0,1
floor,-59.3,0,0,0,0,0,1,1,1,0,0,1
floor,0,0,0,0,0,0,1,1,1,0,0,1
