search,-29.80504,1.898587,-10.20163,1,2,25,26,27
search,15.29496,1.898587,12.49837,0,2,3
search,15.29496,1.898587,-10.50163,0,1,4,3
search,36.59496,1.898587,11.39837,1,4,2,8,10,9,5
search,36.29496,1.898587,-12.30163,2,3,5,7
search,57.19496,1.898587,-28.30163,4,6,8,3,7
search,58.49496,1.898587,-55.10162,5,7,11
search,36.89496,1.898587,-54.60162,4,6,5,14,16
search,56.59496,1.898587,12.29837,3,9,5
search,53.29496,1.898587,48.99837,8,10,3
search,38.29496,1.898587,48.99837,9,3
search,60.29496,1.898587,-79.60162,6,12,14
search,55.19496,1.898587,-111.8016,11,13,14
search,41.09496,1.898587,-112.2016,12,14
search,33.49496,1.898587,-70.00163,13,7,11,12,15
search,16.69496,1.898587,-69.90163,14,16,18
search,19.09496,1.898587,-47.40163,15,7,17,18
search,-21.80504,1.898587,-45.90163,16,18,22,24
search,-18.70504,1.898587,-60.60163,17,15,16,19
search,-38.00504,1.898587,-60.60163,18,20,22
search,-42.30504,1.898587,-103.8016,19,21,22
search,-60.20504,1.898587,-105.5016,20,22
search,-53.30504,1.898587,-50.70163,21,19,20,17,23
search,-62.00504,1.898587,-40.80163,22,24,25
search,-51.50504,1.898587,-37.30163,23,17,25
search,-57.50504,1.898587,-23.10163,23,24,0,26
search,-54.40504,1.898587,-6.901627,25,0,27,28
search,-33.60504,1.898587,7.398373,26,0,28,30
search,-54.80504,1.898587,14.49837,27,26,29,30
search,-53.70504,1.898587,48.09838,28,30
search,-40.00504,1.898587,47.59838,29,27,28
