stage_02,-1
stationery,50,1.5,-92.8,0,31.13,0,1,1,1,40,0,0,0,1,0
camera,-1.2,16,-28.4,0,0,0,1,1,1,0,0,0
boss,-55.1,0,-33.1,0,270,0,1,1,1,1.5,1,0.5,0,1,12,0
floor,49.7,0,-90.5,0,90,0,1,1,1,0,0,1
graffiti,-63.4,1.01,-73.1,0,0,0,1,1,1,0,0,0,0
enemy,49,1.75,-55.8,0,180,0,1,1,1,1,1.5,0.5,0,0,0
floor,49.7,0,28.9,0,90,0,1,1,1,0,0,1
graffiti,-63.9,1.01,-11.3,0,0,0,1,1,1,0,0,0,0
camera,-22.5,17,14.6,0,0,0,1,1,1,0,0,0
floor,0,0,0,0,0,0,1,1,1,0,0,1
enemy,36.9,1.75,29.8,0,180,0,1,1,1,1,1.5,0.5,0,0,8
enemy,47.5,1.75,29.3,0,180,0,1,1,1,1,1.5,0.5,0,0,8
camera,70,12,-50.2,0,0,0,1,1,1,0,0,0
graffiti,63,1.01,-19.8,0,0,0,1,1,1,0,0,0,0
enemy,-15.2,1.75,-10.7,0,180,0,1,1,1,1,1.5,0.5,0,0,10
enemy,17,1.75,-68.8,0,180,0,1,1,1,1,1.5,0.5,0,0,10
stationery,-49.5,1.5,-96.8,0,31.13,0,1,1,1,40,0,0,0,0,0
enemy,-15.2,1.75,-50.9,0,180,0,1,1,1,1,1.5,0.5,0,0,10
graffiti,60.7,1.01,30.2,0,0,0,1,1,1,0,0,0,0
startpoint,5.2,1.75,-0.1,0,180,0,1,1,1,100,0,0,0
enemy,18.3,1.75,-0.1,0,180,0,1,1,1,1,1.5,0.5,0,0,5
enemy,-39.9,1.75,-59.6,0,180,0,1,1,1,1,1.5,0.5,0,0,0
enemy,30.8,1.75,6.6,0,180,0,1,1,1,1,1.5,0.5,0,0,5
stationery,-1,1.5,-1.8,0,31.13,0,1,1,1,40,0,0,0,0,8
graffiti,-23.6,1.01,3.9,0,0,0,1,1,1,0,0,0,0
enemy,13.2,1.75,-69.9,0,180,0,1,1,1,1,1.5,0.5,0,0,0
enemy,47,1.75,-43.6,0,180,0,1,1,1,1,1.5,0.5,0,0,3
camera,45.3,12,-125.7,0,0,0,1,1,1,0,0,0
obstacle,62.6,3.75,-108.8,0,0,0,1,1,1,0,0,0.5,0
camera,65.3,14,53.8,0,0,0,1,1,1,0,0,0
camera,-44.4,16,58.7,0,0,0,1,1,1,0,0,0
camera,70,12,2.8,0,0,0,1,1,1,0,0,0
enemy,-57.1,1.75,-92.3,0,180,0,1,1,1,1,1.5,0.5,0,0,8
obstacle,-15.9,3.75,15.3,0,90,0,1,1,1,0,0,0.5,0
camera,-77,12,13.7,0,0,0,1,1,1,0,0,0
enemy,42.9,1.75,-13.3,0,180,0,1,1,1,1,1.5,0.5,0,0,0
graffiti,-39.1,1.01,-30.8,0,0,0,1,1,1,0,0,0,0
graffiti,-61.8,1.01,28.8,0,0,0,1,1,1,0,0,0,0
graffiti,-20.6,1.01,-71.7,0,0,0,1,1,1,0,0,0,0
stationery,46.7,1.5,-29.7,0,31.13,0,1,1,1,40,0,0,0,0,10
camera,-18.7,14,-90.1,0,0,0,1,1,1,0,0,0
camera,17.8,14,27.5,0,0,0,1,1,1,0,0,0
camera,-77,14,-45.7,0,0,0,1,1,1,0,0,0
floor,-49.7,0,-31,0,90,0,1,1,1,0,0,1
camera,-85.4,16,-106.1,0,0,0,1,1,1,0,0,0
floor,-49.7,0,28.9,0,90,0,1,1,1,0,0,1
stationery,-45.1,1.5,29.1,0,31.13,0,1,1,1,40,0,0,0,1,5
camera,21.6,14,-96.7,0,0,0,1,1,1,0,0,0
floor,-49.7,0,-90.5,0,90,0,1,1,1,0,0,1
enemy,50.5,1.75,-62.3,0,180,0,1,1,1,1,1.5,0.5,0,0,3
enemy,-48.7,1.75,-48.7,0,180,0,1,1,1,1,1.5,0.5,0,0,5
floor,49.7,0,-31,0,90,0,1,1,1,0,0,1
enemy,-43.4,1.75,-69,0,180,0,1,1,1,1,1.5,0.5,0,0,3
stationery,-0.6,1.5,-63.8,0,31.13,0,1,1,1,40,0,0,0,1,8
floor,0,0,-60.7,0,0,0,1,1,1,0,0,1
enemy,14.6,1.75,9.1,0,180,0,1,1,1,1,1.5,0.5,0,0,10
enemy,-3.9,1.75,-53.8,0,180,0,1,1,1,1,1.5,0.5,0,0,0
stationery,36.3,1.5,-97.8,0,31.13,0,1,1,1,40,0,0,0,0,5
enemy,-43.6,1.75,-92.7,0,180,0,1,1,1,1,1.5,0.5,0,0,8
