stage_01,-1
stationery,38.8,1.5,-7.1,0,31.13,0,1,1,1,40,0,0,0,0,10
stationery,32.6,1.5,21.2,0,31.13,0,1,1,1,40,0,0,0,2,10
enemy,66.7,1.75,5.1,0,180,0,1,1,1,1,1.5,0.5,5,1,10
enemy,-2.3,1.75,-7,0,180,0,1,1,1,1,1.5,0.5,0,6,10
enemy,27,1.75,41,0,180,0,1,1,1,1,1.5,0.5,1,8,10
stationery,29.9,1.5,-35.9,0,31.13,0,1,1,1,40,0,0,0,1,8
enemy,57.6,1.75,43.1,0,0,0,1,1,1,1,1.5,0.5,4,2,8
enemy,75.5,1.75,4.5,0,90,0,1,1,1,1,1.5,0.5,0,6,8
enemy,-10.4,1.75,18.7,0,270,0,1,1,1,1,1.5,0.5,0,6,8
stationery,47.2,1.5,18.7,0,31.13,0,1,1,1,40,0,0,0,1,6
stationery,21.7,1.5,19.1,0,31.13,0,1,1,1,40,0,0,0,2,6
enemy,80,1.75,36.5,0,0,0,1,1,1,1,1.5,0.5,4,2,6
enemy,75,1.75,1.6,0,90,0,1,1,1,1,1.5,0.5,5,1,6
enemy,-14.1,1.75,-13,0,270,0,1,1,1,1,1.5,0.5,4,2,6
enemy,4.5,1.75,31.7,0,315,0,0.9999999,1,0.9999999,1,1.5,0.5,5,1,6
obstacle,78,3.75,54.3,0,90,0,1,1,1,0,0,0.5,0
enemy,40.9,1.75,-40.3,0,180,0,1,1,1,1,1.5,0.5,4,2,3
floor,0,0,40,0,180,0,1,1,1,0,0,1
stationery,67.2,1.5,26.3,0,31.13,0,1,1,1,40,0,0,0,0,0
obstacle,6.2,3.75,-34.2,0,0,0,1,1,1,0,0,0.5,0
boss,30.3,9.87,11.5,0,90,0,1,1,1,1.5,1,0.5,0,2,12,0
enemy,82.4,1.75,27.6,0,45,0,1,1,1,1,1.5,0.5,3,3,0
enemy,18.6,1.75,-39,0,180,0,1,1,1,1,1.5,0.5,3,3,3
floor,60,0,0,0,0,0,1,1,1,0,0,1
enemy,12.2,1.75,3.4,0,270,0,1,1,1,1,1.5,0.5,3,3,0
floor,30,0,-40,0,0,0,1,1,1,0,0,1
graffiti,78.9,1.01,-7.4,0,0,0,1,1,1,0,0,0,0
camera,34.9,20,-64.2,0,0,0,1,1,1,0,0,0
graffiti,7.9,1.01,6.7,0,0,0,1,1,1,0,0,0,0
graffiti,38.1,1.01,38.3,0,0,0,1,1,1,0,0,0,0
enemy,12.3,1.75,33.5,0,0,0,1,1,1,1,1.5,0.5,4,2,0
obstacle,55.3,3.75,-34.2,0,0,0,1,1,1,0,0,0.5,0
camera,-23.4,16,-24.8,0,0,0,1,1,1,0,0,0
startpoint,29,1.75,-31,0,180,0,1,1,1,100,0,0,0
camera,-23.4,16,63.8,0,0,0,1,1,1,0,0,0
camera,88.2,16,52.8,0,0,0,1,1,1,0,0,0
floor,60,0,40,0,180,0,1,1,1,0,0,1
enemy,55.4,1.75,-0.3,0,0,0,1,1,1,1,1.5,0.5,3,0,0
floor,0,0,0,0,0,0,1,1,1,0,0,1
graffiti,-12.5,1.01,-3.5,0,0,0,1,1,1,0,0,0,0
camera,88.2,16,-24.8,0,0,0,1,1,1,0,0,0
graffiti,-9.2,1.01,41.8,0,0,0,1,1,1,0,0,0,0
