search,-29.2,3,-7.8,1,3,17,2
search,-29.2,3,4.8,0,2,16,17
search,-56.7,3,7.5,1,3,4,0
search,-65.9,3,0.2,2,0,5,23,4
search,-59.6,3,28.6,2,5,6,3
search,-70.1,3,30.7,4,3,7,24
search,-34.8,3,33.8,4,8,10,7
search,-59.8,3,46.1,5,8,6
search,-35.7,3,47,7,6,9,10
search,-11.1,3,44.2,8,10,12
search,-12.1,3,34.1,9,6,11,8
search,-2.5,3,24.3,10,13,15,12
search,12.1,3,41.6,9,13,11
search,14.4,3,28.6,12,11,14,22,15
search,13.8,3,8.6,13,15,18,19
search,-1.5,3,8.6,14,11,16,13
search,-13.1,3,2.6,15,17,1,18
search,-14.1,3,-9.3,18,16,0,1
search,7.4,3,-4.9,14,17,16
search,38.8,3,5.4,14,20,22,21
search,56.1,3,4.8,19,21
search,56.8,3,30,20,22,19
search,38.1,3,31.4,21,13,19
search,-90.2,3,10.8,3,24,26,25
search,-96.9,3,31.2,23,5,25
search,-116.3,3,32.6,24,26,23
search,-116,3,9.9,25,23
