tutorial_01,-1
boss,-3.7,9.87,-111,0,90,0,1,1,1,1.5,1,0.5,0,0,10,0
enemy,-5.4,1.75,-91.1,0,180,0,1,1,1,1,1.5,0.5,0,0,8
enemy,5.8,1.75,-91.1,0,180,0,1,1,1,1,1.5,0.5,0,0,8
enemy,5.8,1.75,-79.2,0,180,0,1,1,1,1,1.5,0.5,0,0,8
enemy,-6.2,1.75,-79.2,0,180,0,1,1,1,1,1.5,0.5,0,0,8
stationery,96.5,1.5,-72.8,0,31.13,0,1,1,1,40,0,0,0,0,0
stationery,96.5,1.5,-59.2,0,31.13,0,1,1,1,40,0,0,0,0,0
enemy,105.6,1.75,-5.2,0,180,0,1,1,1,1,1.5,0.5,0,0,4
enemy,95.3,1.75,-5.2,0,180,0,1,1,1,1,1.5,0.5,0,0,4
enemy,60.2,1.75,17.8,0,180,0,1,1,1,1,1.5,0.5,0,0,1
graffiti,100.9,1.01,-23,0,0,0,1,1,1,0,0,0,2
graffiti,46.8,1.01,17.7,0,0,0,1,1,1,0,0,0,1
enemy,0.3,1.75,17.8,0,180,0,1,1,1,1,1.5,0.5,0,0,0
floor,0,0,0,0,90,0,1,1,1,0,0,1
startpoint,1.1,1.75,-20.2,0,180,0,1,1,1,100,0,0,0
floor,49.5,0,25.1,0,0,0,1,1,1,0,0,1
floor,99.3,0,0,0,90,0,1,1,1,0,0,1
floor,99.3,0,-59.9,0,90,0,1,1,1,0,0,1
floor,49.5,0,-88.1,0,0,0,1,1,1,0,0,1
floor,0,0,-98.9,0,90,0,1,1,1,0,0,1
