search,-7.6,3,-19.6,1,2
search,10.5,3,-19.6,0,3
search,-7.6,3,17.3,0,3
search,13.1,3,17.3,1,2,4
search,30.5,3,17.3,3,5,7
search,30.5,3,34.2,4,6
search,69.6,3,34.2,5,7
search,69.6,3,17.1,4,6,8
search,89.6,3,16.1,7,9,11
search,111.9,3,12.4,8,10
search,111.9,3,-29.3,9,11,13
search,88.2,3,-29.3,8,12
search,88.2,3,-76.6,11,13,14
search,110.2,3,-76.6,10,12
search,66.9,3,-76.6,12,15,17
search,66.9,3,-99.3,14,16
search,31.3,3,-99.3,15,17,18
search,31.3,3,-76.6,16,14,18
search,11.1,3,-84.4,17,16,19,21
search,-10.1,3,-84.4,18,20
search,-10.1,3,-121.2,19,21
search,11,3,-121.2,20,18
