UI_playerForm_frame,120.000000,112.000000,0.670000,0,
UI_playerPower_frame,135.000000,236.000000,0.565000,0,
UI_powerGauge_bg,476.000000,550.000000,0.600000,0,
UI_powerGauge,480.000000,554.000000,0.400000,1,
UI_powerGauge_frame,476.000000,550.000000,0.200000,0,
UI_playerPower_gauge_frame,56.000000,48.000000,0.990000,0,
UI_playerPower_gauge_0to100,56.000000,48.000000,0.800000,2,
UI_playerPower_gauge_101to200,56.000000,48.000000,0.600000,2,
UI_playerPower_gauge_201to300,56.000000,48.000000,0.430000,2,
UI_number_1,144.000000,256.000000,0.200000,3,
UI_number_1,162.000000,256.000000,0.200000,3,
UI_number_1,180.000000,256.000000,0.200000,3,
